c
p sp 5002 154414
c graph contains 5002 nodes and 154414 arcs
c
a 0 12 2.04339
a 0 10 1.54579
a 0 13 2.38189
a 0 8 1.02256
a 0 2 1.53813
a 0 17 2.23878
a 0 16 1.06813
a 0 11 1.86816
a 0 6 1.95735
a 0 9 1.34336
a 0 7 0.87905
a 0 4 2.40375
a 0 1 2.20623
a 0 14 1.66529
a 0 3 2.29884
a 0 5 1.70671
a 0 18 1.90141
a 0 15 1.70674
a 0 19 1.65326
a 1 6 1.89781
a 1 5 1.61731
a 1 9 2.34633
a 1 1708 2.0493
a 1 17 2.03282
a 1 1706 0.52108
a 1 1712 2.33648
a 1 10 2.31247
a 1 8 1.64424
a 1 1705 1.91891
a 1 1703 1.43
a 1 1707 1.35977
a 1 0 2.20623
a 1 1704 2.25681
a 1 14 1.23583
a 1 1710 2.16621
a 1 1711 1.86507
a 1 1709 1.14607
a 2 13 2.44884
a 2 8 1.67607
a 2 2769 1.8587
a 2 1828 2.12724
a 2 17 2.22075
a 2 16 0.53752
a 2 11 2.38146
a 2 1841 2.13487
a 2 1830 2.23096
a 2 7 0.84917
a 2 2246 2.29406
a 2 2770 2.39571
a 2 1831 2.16471
a 2 4 1.31608
a 2 1826 2.39037
a 2 0 1.53813
a 2 14 2.26538
a 2 3 0.97056
a 2 5 2.02244
a 2 19 1.07057
a 3 3896 2.30097
a 3 3907 2.29105
a 3 13 2.17594
a 3 2 0.97056
a 3 2769 1.17476
a 3 3899 2.28122
a 3 16 1.47577
a 3 11 2.40767
a 3 3903 2.07071
a 3 1841 1.25541
a 3 1830 1.78481
a 3 7 1.43419
a 3 2770 1.64253
a 3 1831 2.31103
a 3 1827 2.43528
a 3 1837 1.73284
a 3 4 0.47986
a 3 1826 2.11258
a 3 0 2.29884
a 3 3914 1.93887
a 3 3917 2.32643
a 3 19 0.94881
a 3 3390 2.45265
a 4 3896 1.8246
a 4 3907 1.81593
a 4 13 1.79043
a 4 2 1.31608
a 4 2769 0.70119
a 4 3899 1.82663
a 4 16 1.75394
a 4 11 2.13222
a 4 3903 1.63294
a 4 1841 1.31424
a 4 1830 2.11909
a 4 7 1.52694
a 4 3911 2.2204
a 4 2770 1.16453
a 4 1837 1.8728
a 4 1826 2.49346
a 4 0 2.40375
a 4 3 0.47986
a 4 3914 1.61157
a 4 3917 2.11185
a 4 19 0.8146
a 4 3390 2.27224
a 5 14 0.38404
a 5 2249 2.2702
a 5 1706 1.6844
a 5 1 1.61731
a 5 8 0.68578
a 5 2 2.02244
a 5 2251 1.61201
a 5 1828 2.18238
a 5 0 1.70671
a 5 7 2.09476
a 5 1704 1.03894
a 5 2245 2.07212
a 5 2246 1.42662
a 5 17 0.59363
a 5 16 1.58956
a 5 1709 2.45941
a 6 12 2.49144
a 6 10 0.72878
a 6 8 2.33832
a 6 2166 1.92133
a 6 9 0.92874
a 6 1706 2.40521
a 6 3867 2.4152
a 6 2164 1.80302
a 6 1 1.89781
a 6 2165 2.4341
a 6 4294 2.46131
a 6 0 1.95735
a 6 18 1.39524
a 6 15 0.8365
a 6 1705 1.28349
a 6 1703 1.12966
a 6 3878 2.41657
a 6 1710 2.48587
a 6 2162 1.71951
a 7 12 2.06355
a 7 10 2.26222
a 7 13 1.8975
a 7 8 1.51701
a 7 2 0.84917
a 7 2769 1.76778
a 7 17 2.48671
a 7 16 0.66326
a 7 11 1.6424
a 7 9 2.03231
a 7 3903 2.08977
a 7 2770 2.2923
a 7 4 1.52694
a 7 0 0.87905
a 7 14 2.20322
a 7 3 1.43419
a 7 5 2.09476
a 7 18 2.3926
a 7 15 2.37543
a 7 19 0.81662
a 8 6 2.33832
a 8 5 0.68578
a 8 9 2.08776
a 8 15 2.42812
a 8 1706 1.90588
a 8 19 2.31598
a 8 10 2.22232
a 8 1 1.64424
a 8 2 1.67607
a 8 2251 2.28756
a 8 0 1.02256
a 8 7 1.51701
a 8 1704 1.71122
a 8 14 0.68935
a 8 2246 1.95478
a 8 17 1.2432
a 8 16 1.15887
a 9 6 0.92874
a 9 18 0.74104
a 9 4305 1.99863
a 9 15 0.36354
a 9 12 1.61681
a 9 10 0.23703
a 9 1 2.34633
a 9 8 2.08776
a 9 1705 2.21202
a 9 1703 2.0132
a 9 4294 1.97882
a 9 0 1.34336
a 9 7 2.03231
a 9 2166 2.39164
a 9 2162 1.8947
a 9 16 2.40133
a 9 11 1.88228
a 10 6 0.72878
a 10 9 0.23703
a 10 2164 2.49534
a 10 15 0.22034
a 10 18 0.75634
a 10 12 1.7699
a 10 4305 2.01035
a 10 1 2.31247
a 10 8 2.22232
a 10 1705 2.0085
a 10 1703 1.84266
a 10 4294 1.96022
a 10 0 1.54579
a 10 7 2.26222
a 10 2166 2.17216
a 10 2162 1.7101
a 10 11 2.08182
a 11 3909 2.14419
a 11 3896 1.76655
a 11 12 0.61615
a 11 3907 1.72462
a 11 10 2.08182
a 11 13 0.73579
a 11 4299 2.30756
a 11 3906 2.07749
a 11 2 2.38146
a 11 2769 1.74325
a 11 4297 2.49255
a 11 16 2.30496
a 11 9 1.88228
a 11 3903 1.1624
a 11 3908 2.0525
a 11 7 1.6424
a 11 2770 1.97212
a 11 3911 2.34509
a 11 3898 2.13803
a 11 4293 2.06825
a 11 3919 1.4309
a 11 4305 1.82456
a 11 4 2.13222
a 11 4295 2.07559
a 11 4298 2.3839
a 11 0 1.86816
a 11 4294 2.02963
a 11 3 2.40767
a 11 18 1.65353
a 11 3910 1.47561
a 11 15 2.03353
a 11 3918 2.38047
a 11 3904 1.91357
a 11 3897 1.24406
a 11 19 1.47803
a 11 3900 1.67623
a 11 4301 2.25453
a 12 3909 2.297
a 12 3896 2.23884
a 12 3907 2.19706
a 12 10 1.7699
a 12 13 1.25295
a 12 4299 1.90431
a 12 3906 2.13376
a 12 2769 2.35431
a 12 4302 2.45843
a 12 4297 2.0149
a 12 11 0.61615
a 12 6 2.49144
a 12 9 1.61681
a 12 3903 1.67937
a 12 3908 2.06492
a 12 2800 2.17733
a 12 7 2.06355
a 12 3919 1.05784
a 12 4293 1.52969
a 12 3898 2.24667
a 12 4305 1.2213
a 12 4295 1.56081
a 12 4298 1.91468
a 12 0 2.04339
a 12 4294 1.41681
a 12 18 1.18211
a 12 3910 1.10155
a 12 15 1.66523
a 12 3918 2.32684
a 12 3904 1.9888
a 12 3897 1.27518
a 12 19 2.05449
a 12 3900 1.8702
a 12 4301 1.78318
a 13 3909 1.6412
a 13 3896 1.03132
a 13 12 1.25295
a 13 3907 0.98948
a 13 4299 2.45416
a 13 3906 1.68735
a 13 2 2.44884
a 13 2769 1.22394
a 13 3899 1.85918
a 13 11 0.73579
a 13 3903 0.43105
a 13 3908 1.71551
a 13 7 1.8975
a 13 2770 1.30837
a 13 3911 1.61534
a 13 3898 1.68338
a 13 4293 2.43193
a 13 3919 1.64936
a 13 4305 2.33517
a 13 4 1.79043
a 13 4295 2.40028
a 13 0 2.38189
a 13 3 2.17594
a 13 18 2.37872
a 13 3910 1.68672
a 13 3916 2.46355
a 13 3904 1.52021
a 13 3914 2.48811
a 13 3897 1.0453
a 13 19 1.39335
a 13 3900 1.17644
a 13 3918 2.08777
a 13 3913 2.04293
a 14 5 0.38404
a 14 1706 1.34196
a 14 1 1.23583
a 14 8 0.68935
a 14 2 2.26538
a 14 2251 1.82161
a 14 1707 2.4652
a 14 0 1.66529
a 14 7 2.20322
a 14 1704 1.2768
a 14 2245 2.42448
a 14 2246 1.77847
a 14 17 0.90079
a 14 16 1.78582
a 14 1709 2.1289
a 15 12 1.66523
a 15 10 0.22034
a 15 8 2.42812
a 15 2166 2.04207
a 15 11 2.03353
a 15 6 0.8365
a 15 9 0.36354
a 15 7 2.37543
a 15 3919 2.44691
a 15 4293 2.36941
a 15 4305 1.80706
a 15 4295 2.48134
a 15 4303 2.49352
a 15 4294 1.74742
a 15 0 1.70674
a 15 18 0.57116
a 15 3910 2.47735
a 15 1705 2.08469
a 15 1703 1.96606
a 15 3878 2.48308
a 15 2162 1.5312
a 16 5 1.58956
a 16 9 2.40133
a 16 4 1.75394
a 16 19 1.27894
a 16 8 1.15887
a 16 2 0.53752
a 16 2246 2.16526
a 16 2769 2.19087
a 16 1828 2.23876
a 16 0 1.06813
a 16 7 0.66326
a 16 1704 2.34221
a 16 14 1.78582
a 16 3 1.47577
a 16 17 1.89328
a 16 1831 2.46858
a 16 11 2.30496
a 17 5 0.59363
a 17 14 0.90079
a 17 2249 1.72256
a 17 1706 1.9624
a 17 1 2.03282
a 17 8 1.2432
a 17 2 2.22075
a 17 2251 1.05233
a 17 1828 1.77849
a 17 0 2.23878
a 17 7 2.48671
a 17 1704 0.4782
a 17 2245 1.53496
a 17 2246 0.89421
a 17 2252 2.46723
a 17 16 1.89328
a 17 2248 2.11892
a 18 12 1.18211
a 18 10 0.75634
a 18 13 2.37872
a 18 4299 2.48369
a 18 2166 2.16468
a 18 4297 2.39487
a 18 11 1.65353
a 18 6 1.39524
a 18 9 0.74104
a 18 2800 2.34648
a 18 7 2.3926
a 18 3919 1.8801
a 18 4293 1.81875
a 18 4305 1.26185
a 18 4295 1.92545
a 18 4298 2.33591
a 18 4303 2.31379
a 18 4294 1.2389
a 18 0 1.90141
a 18 3910 1.90951
a 18 15 0.57116
a 18 3897 2.4031
a 18 4301 2.22412
a 18 2162 1.50362
a 18 2793 2.45705
a 19 3896 1.88866
a 19 12 2.05449
a 19 3907 1.86317
a 19 13 1.39335
a 19 8 2.31598
a 19 2 1.07057
a 19 2769 0.95267
a 19 3899 2.24534
a 19 16 1.27894
a 19 11 1.47803
a 19 3903 1.44414
a 19 1841 2.1064
a 19 7 0.81662
a 19 3911 2.42565
a 19 2770 1.48397
a 19 4 0.8146
a 19 0 1.65326
a 19 3 0.94881
a 19 3914 2.31157
a 19 3897 2.42646
a 20 29 1.61494
a 20 21 1.62042
a 20 45 2.3316
a 20 37 1.54173
a 20 66 2.3133
a 20 40 2.14501
a 20 27 2.04279
a 20 46 2.06331
a 20 59 0.91778
a 20 65 0.94388
a 20 26 1.39827
a 20 30 0.85922
a 20 58 1.89961
a 20 23 1.8994
a 20 51 1.46003
a 20 56 0.87027
a 20 38 2.45752
a 20 22 2.25074
a 20 47 2.23436
a 20 32 0.96699
a 20 48 1.71889
a 20 64 1.28958
a 20 42 2.46263
a 20 57 2.24244
a 20 54 1.40458
a 20 25 1.65506
a 20 70 2.3707
a 20 35 2.04829
a 20 44 1.73484
a 20 55 0.93616
a 20 69 0.82079
a 20 33 1.34323
a 20 41 2.39513
a 20 52 2.19291
a 20 67 1.942
a 20 43 2.03488
a 20 53 2.31184
a 20 50 1.4299
a 20 61 1.39174
a 20 24 2.49083
a 20 62 0.84131
a 20 68 1.64123
a 20 39 1.53482
a 20 34 2.42886
a 20 36 2.19801
a 20 63 1.84403
a 20 31 2.36438
a 20 60 2.21929
a 20 28 2.49047
a 20 49 1.54827
a 21 1129 2.16973
a 21 37 1.62857
a 21 66 0.74937
a 21 27 2.34508
a 21 46 1.13114
a 21 59 2.41217
a 21 65 0.97968
a 21 26 0.64912
a 21 30 2.25469
a 21 20 1.62042
a 21 1132 2.16564
a 21 1124 1.333
a 21 56 2.01096
a 21 38 2.24248
a 21 47 0.61711
a 21 1127 2.28877
a 21 1131 2.11316
a 21 32 1.44549
a 21 48 1.90613
a 21 1125 1.32813
a 21 57 2.44821
a 21 1133 1.45325
a 21 54 2.4668
a 21 25 2.2801
a 21 1130 2.46113
a 21 44 2.23971
a 21 69 0.83331
a 21 1126 2.00609
a 21 55 1.83696
a 21 53 1.09961
a 21 62 2.32191
a 21 50 0.55941
a 21 61 0.25834
a 21 68 2.05666
a 21 39 0.74188
a 21 1135 2.29717
a 21 36 0.68942
a 21 63 2.3421
a 21 1134 2.25335
a 21 31 1.19228
a 21 60 0.68189
a 21 28 1.03651
a 21 49 2.34404
a 21 1128 2.37329
a 22 29 1.44698
a 22 1750 2.24882
a 22 45 0.22267
a 22 576 2.47962
a 22 1751 1.44793
a 22 1753 2.40022
a 22 1757 1.76208
a 22 590 1.62487
a 22 40 0.89072
a 22 1761 2.46658
a 22 59 1.94611
a 22 1766 2.17601
a 22 30 1.57257
a 22 586 2.1776
a 22 58 2.35113
a 22 23 1.39001
a 22 598 2.02563
a 22 20 2.25074
a 22 1758 1.31399
a 22 578 2.38244
a 22 51 2.29734
a 22 1759 2.41668
a 22 1763 1.40264
a 22 1755 2.41301
a 22 64 1.53519
a 22 42 2.1081
a 22 54 1.71536
a 22 25 2.30489
a 22 1752 1.3238
a 22 70 2.3336
a 22 35 0.79357
a 22 41 0.61808
a 22 33 1.05545
a 22 67 0.76863
a 22 43 1.38116
a 22 62 2.00363
a 22 602 1.80163
a 22 24 2.15643
a 22 599 2.08138
a 22 1756 1.35866
a 22 1764 1.51464
a 22 1762 2.16396
a 22 63 2.482
a 22 1760 2.41804
a 22 49 2.08084
a 22 1754 2.19086
a 22 1765 2.40539
a 23 2438 2.25339
a 23 29 0.29035
a 23 45 1.26342
a 23 2433 2.28396
a 23 1753 1.47385
a 23 1757 1.22884
a 23 1761 1.28009
a 23 40 2.06897
a 23 2439 2.00649
a 23 59 1.09477
a 23 1766 2.19265
a 23 30 1.77477
a 23 20 1.8994
a 23 1759 1.34151
a 23 51 1.09514
a 23 56 1.644
a 23 1763 1.98679
a 23 22 1.39001
a 23 1755 1.43836
a 23 64 0.61596
a 23 2434 1.45176
a 23 2436 2.23985
a 23 54 2.3141
a 23 1752 1.71331
a 23 70 0.95688
a 23 35 0.61407
a 23 44 2.33181
a 23 55 1.90007
a 23 41 1.96142
a 23 33 0.78802
a 23 52 2.05923
a 23 67 1.84337
a 23 43 0.13815
a 23 62 1.18499
a 23 602 2.38491
a 23 24 0.84251
a 23 2435 1.61011
a 23 1756 1.78368
a 23 68 2.40371
a 23 34 1.67515
a 23 1760 2.43034
a 23 1754 1.52827
a 23 2437 1.82595
a 24 2438 1.64694
a 24 29 1.00227
a 24 3988 2.35732
a 24 3098 2.44313
a 24 45 1.9907
a 24 2433 1.85689
a 24 3989 2.3177
a 24 1753 0.92313
a 24 1757 1.15533
a 24 1761 0.50642
a 24 2439 1.30094
a 24 59 1.57925
a 24 1766 2.18263
a 24 3088 1.68791
a 24 23 0.84251
a 24 20 2.49083
a 24 1759 0.67391
a 24 51 1.21129
a 24 3105 1.94543
a 24 56 1.95977
a 24 1763 2.33967
a 24 3100 2.11004
a 24 22 2.15643
a 24 1755 0.84953
a 24 64 1.26476
a 24 2434 0.62115
a 24 2436 1.8803
a 24 3104 2.4125
a 24 1752 2.03478
a 24 70 0.31133
a 24 35 1.36536
a 24 3990 1.99215
a 24 44 2.32425
a 24 55 2.17788
a 24 33 1.61056
a 24 52 1.77831
a 24 3081 2.33744
a 24 3103 2.12944
a 24 43 0.79533
a 24 62 1.66345
a 24 2435 0.89932
a 24 1756 2.10385
a 24 68 2.45183
a 24 34 1.17384
a 24 3093 2.4595
a 24 1760 2.37439
a 24 1754 1.20587
a 24 3099 2.08102
a 24 3084 2.26616
a 24 2437 0.98621
a 25 1750 2.30526
a 25 21 2.2801
a 25 812 1.16695
a 25 800 2.40086
a 25 810 1.20913
a 25 1751 1.96119
a 25 40 1.58718
a 25 65 2.29422
a 25 46 1.75899
a 25 59 2.34877
a 25 30 1.13839
a 25 58 0.2526
a 25 20 1.65506
a 25 1758 1.64493
a 25 4084 2.08937
a 25 38 1.19573
a 25 22 2.30489
a 25 32 0.8961
a 25 813 1.23794
a 25 64 2.44398
a 25 42 1.01569
a 25 808 2.47797
a 25 54 0.60561
a 25 1130 1.95685
a 25 69 1.6677
a 25 811 1.77503
a 25 41 1.99868
a 25 33 2.10008
a 25 67 1.57207
a 25 53 2.13879
a 25 62 2.31049
a 25 50 1.74238
a 25 61 2.04101
a 25 39 1.62712
a 25 1764 2.29028
a 25 1762 2.16805
a 25 63 0.21577
a 25 31 2.12085
a 25 49 0.22686
a 25 798 2.05396
a 25 1765 1.61846
a 25 791 1.39791
a 26 1129 1.61707
a 26 21 0.64912
a 26 2052 2.16364
a 26 37 0.98016
a 26 66 1.34548
a 26 2043 2.49302
a 26 27 1.69597
a 26 46 1.73879
a 26 59 2.00877
a 26 65 0.49589
a 26 30 2.19212
a 26 4505 2.15112
a 26 20 1.39827
a 26 1132 1.91313
a 26 51 2.26684
a 26 1124 1.27964
a 26 56 1.51563
a 26 47 1.13866
a 26 2045 2.11665
a 26 2040 2.41708
a 26 32 1.63468
a 26 48 1.25718
a 26 64 2.49948
a 26 1125 1.60141
a 26 57 1.80165
a 26 1133 2.08591
a 26 44 1.60034
a 26 69 0.86585
a 26 1126 2.10237
a 26 55 1.30096
a 26 52 2.38886
a 26 53 1.74633
a 26 62 1.91841
a 26 50 1.04325
a 26 61 0.67415
a 26 68 1.41536
a 26 39 1.25496
a 26 1135 2.12593
a 26 36 0.87884
a 26 1134 2.00954
a 26 31 1.83757
a 26 60 0.91972
a 26 28 1.11744
a 26 1128 2.29301
a 27 1129 1.06264
a 27 29 2.43957
a 27 2438 1.73215
a 27 3174 2.00028
a 27 21 2.34508
a 27 3988 1.92211
a 27 2052 1.0872
a 27 3989 2.38785
a 27 37 0.71979
a 27 4706 1.97675
a 27 2043 1.41745
a 27 2439 2.06964
a 27 65 1.5348
a 27 59 1.82859
a 27 26 1.69597
a 27 4505 0.49672
a 27 20 2.04279
a 27 1132 2.22622
a 27 51 1.56218
a 27 1124 2.29282
a 27 56 1.30556
a 27 2045 1.61807
a 27 3191 2.1703
a 27 48 0.44052
a 27 3188 1.94994
a 27 64 2.24889
a 27 4707 2.35282
a 27 57 0.21177
a 27 70 2.29202
a 27 3990 1.63798
a 27 44 0.34894
a 27 55 1.12727
a 27 69 2.20617
a 27 52 0.92015
a 27 62 1.78287
a 27 61 2.3331
a 27 68 0.40187
a 27 34 1.6162
a 27 36 2.35144
a 27 1134 2.30438
a 27 3552 1.20643
a 27 60 2.41285
a 27 2051 1.9085
a 27 28 2.38467
a 28 1129 1.74681
a 28 21 1.03651
a 28 2044 2.48216
a 28 2041 2.19802
a 28 2052 2.34066
a 28 37 1.79647
a 28 2047 2.35448
a 28 66 1.03693
a 28 27 2.38467
a 28 2046 1.81721
a 28 46 1.93476
a 28 65 1.61293
a 28 26 1.11744
a 28 20 2.49047
a 28 1132 1.24868
a 28 1124 0.34212
a 28 2053 1.55965
a 28 47 0.78136
a 28 2045 1.94345
a 28 2040 1.54384
a 28 1127 2.44363
a 28 1131 2.0545
a 28 32 2.47908
a 28 48 2.01368
a 28 1125 0.55612
a 28 57 2.39996
a 28 1133 1.71054
a 28 44 2.4317
a 28 69 1.80538
a 28 1126 1.0017
a 28 55 2.36572
a 28 53 1.71515
a 28 2038 1.85046
a 28 50 1.57683
a 28 61 1.28649
a 28 2042 1.88509
a 28 68 2.25069
a 28 39 1.72631
a 28 1135 1.30608
a 28 36 0.3492
a 28 1134 1.32108
a 28 2039 2.19597
a 28 31 1.809
a 28 60 0.37333
a 28 2051 2.45367
a 28 2048 1.58562
a 28 1128 1.34217
a 29 2438 2.21923
a 29 45 1.36046
a 29 37 2.41011
a 29 1753 1.73279
a 29 1757 1.51919
a 29 1761 1.48206
a 29 40 2.0181
a 29 27 2.43957
a 29 59 0.80734
a 29 2439 2.02564
a 29 65 2.32008
a 29 1766 2.47568
a 29 30 1.55422
a 29 23 0.29035
a 29 20 1.61494
a 29 1759 1.57523
a 29 51 0.88979
a 29 56 1.36824
a 29 1763 2.21824
a 29 22 1.44698
a 29 1755 1.69022
a 29 32 2.41046
a 29 48 2.39756
a 29 64 0.32694
a 29 2434 1.62341
a 29 54 2.13068
a 29 1752 1.95735
a 29 70 1.03287
a 29 35 0.74743
a 29 44 2.10519
a 29 55 1.6262
a 29 69 2.43182
a 29 41 1.96929
a 29 33 0.62502
a 29 52 1.91431
a 29 67 1.78097
a 29 43 0.42848
a 29 62 0.89702
a 29 24 1.00227
a 29 2435 1.83821
a 29 1756 2.02649
a 29 68 2.16364
a 29 34 1.62296
a 29 49 2.47844
a 29 1754 1.81265
a 29 2437 1.98257
a 30 29 1.55422
a 30 21 2.25469
a 30 812 2.303
a 30 45 1.70945
a 30 37 2.39243
a 30 810 2.33197
a 30 1751 2.0272
a 30 40 1.29742
a 30 65 1.77953
a 30 46 2.30402
a 30 59 1.25345
a 30 26 2.19212
a 30 58 1.33031
a 30 23 1.77477
a 30 20 0.85922
a 30 1758 1.68514
a 30 51 1.85962
a 30 56 1.55654
a 30 38 2.23901
a 30 22 1.57257
a 30 32 1.00057
a 30 813 2.35499
a 30 64 1.30565
a 30 42 1.69974
a 30 54 0.65571
a 30 25 1.13839
a 30 35 1.6507
a 30 69 1.42849
a 30 55 1.70901
a 30 41 1.58493
a 30 33 1.00458
a 30 67 1.11153
a 30 43 1.88492
a 30 62 1.23222
a 30 50 1.88466
a 30 61 1.99924
a 30 68 2.44131
a 30 39 1.89797
a 30 1764 2.3071
a 30 63 1.35408
a 30 49 0.94738
a 30 1765 2.29186
a 31 21 1.19228
a 31 812 2.03016
a 31 66 0.77696
a 31 810 2.40071
a 31 65 2.07503
a 31 46 0.36896
a 31 26 1.83757
a 31 58 2.25465
a 31 20 2.36438
a 31 1124 2.15029
a 31 4084 1.39117
a 31 38 1.46454
a 31 47 1.0288
a 31 4131 2.35523
a 31 3132 2.29625
a 31 1127 1.27104
a 31 1131 1.34231
a 31 1662 2.17981
a 31 32 1.65985
a 31 813 2.45544
a 31 1125 1.70618
a 31 808 1.94458
a 31 1133 0.59161
a 31 3128 2.10549
a 31 1680 2.40239
a 31 25 2.12085
a 31 1130 1.38267
a 31 69 1.59078
a 31 811 1.83494
a 31 1126 2.47722
a 31 53 0.09758
a 31 50 0.96606
a 31 61 1.21119
a 31 39 0.82974
a 31 36 1.53041
a 31 63 2.06789
a 31 60 1.47605
a 31 1673 2.0176
a 31 28 1.809
a 31 49 2.28644
a 31 791 2.33371
a 32 29 2.41046
a 32 21 1.44549
a 32 812 1.7683
a 32 37 2.23082
a 32 66 1.9047
a 32 810 1.95378
a 32 40 2.08692
a 32 65 1.4122
a 32 46 1.30373
a 32 59 1.84292
a 32 26 1.63468
a 32 30 1.00057
a 32 58 1.1437
a 32 20 0.96699
a 32 1758 2.31924
a 32 51 2.41763
a 32 4084 2.22301
a 32 56 1.82271
a 32 38 1.49069
a 32 47 1.94276
a 32 48 2.46863
a 32 813 1.99563
a 32 64 2.10861
a 32 42 1.88703
a 32 1133 2.23034
a 32 54 1.02834
a 32 25 0.8961
a 32 1130 2.114
a 32 69 0.77161
a 32 811 2.16448
a 32 55 1.83652
a 32 41 2.45191
a 32 33 1.95374
a 32 67 1.96994
a 32 53 1.63843
a 32 62 1.77818
a 32 50 0.96323
a 32 61 1.19259
a 32 68 2.46303
a 32 39 0.92654
a 32 36 2.13425
a 32 63 1.02377
a 32 31 1.65985
a 32 60 2.12701
a 32 28 2.47908
a 32 49 0.9123
a 32 791 2.07504
a 33 29 0.62502
a 33 45 1.06239
a 33 1751 2.21058
a 33 1753 2.23875
a 33 1757 1.85971
a 33 1761 2.06701
a 33 40 1.43516
a 33 65 2.21258
a 33 59 0.89096
a 33 30 1.00458
a 33 58 2.25345
a 33 23 0.78802
a 33 20 1.34323
a 33 1758 1.94477
a 33 51 1.30257
a 33 1759 2.1262
a 33 56 1.46741
a 33 1763 2.18586
a 33 22 1.05545
a 33 1755 2.21128
a 33 32 1.95374
a 33 64 0.53439
a 33 42 2.3845
a 33 2434 2.22916
a 33 54 1.52644
a 33 25 2.10008
a 33 1752 1.98403
a 33 70 1.65787
a 33 35 0.70956
a 33 44 2.36818
a 33 55 1.71446
a 33 69 2.14621
a 33 41 1.45822
a 33 52 2.36524
a 33 67 1.19195
a 33 43 0.88708
a 33 62 0.94859
a 33 24 1.61056
a 33 2435 2.39592
a 33 1756 2.04444
a 33 68 2.37954
a 33 34 2.19039
a 33 1764 2.38714
a 33 63 2.31338
a 33 49 1.88654
a 33 1754 2.22632
a 34 2438 0.60111
a 34 29 1.62296
a 34 4797 2.35125
a 34 3988 1.31126
a 34 3098 2.25758
a 34 3989 1.46181
a 34 37 2.0754
a 34 4706 1.85659
a 34 1753 1.94386
a 34 1757 2.32662
a 34 1761 1.40577
a 34 2439 0.58045
a 34 27 1.6162
a 34 59 1.61739
a 34 4785 2.22283
a 34 3088 1.57593
a 34 4505 1.62168
a 34 23 1.67515
a 34 20 2.42886
a 34 1759 1.65282
a 34 51 1.00705
a 34 3105 1.82109
a 34 56 1.61274
a 34 3099 2.01178
a 34 3100 2.13954
a 34 1755 1.85497
a 34 4783 2.15683
a 34 48 1.87903
a 34 64 1.66765
a 34 4707 1.63264
a 34 57 1.72623
a 34 2434 1.26432
a 34 3104 2.3723
a 34 70 0.86808
a 34 35 2.28921
a 34 3990 0.89224
a 34 44 1.4538
a 34 55 1.71287
a 34 33 2.19039
a 34 52 0.70259
a 34 43 1.71906
a 34 62 1.65663
a 34 24 1.17384
a 34 2435 1.74102
a 34 68 1.62651
a 34 3552 2.09952
a 34 3093 2.23617
a 34 1754 2.31805
a 34 4784 2.01839
a 34 3084 2.33425
a 34 2437 1.32368
a 35 29 0.74743
a 35 45 0.6504
a 35 2433 2.35245
a 35 1751 2.2251
a 35 1753 1.72407
a 35 1757 1.21293
a 35 590 1.98893
a 35 40 1.56687
a 35 1761 1.7054
a 35 59 1.44793
a 35 1766 1.96402
a 35 30 1.6507
a 35 23 0.61407
a 35 598 2.47491
a 35 20 2.04829
a 35 1758 2.04916
a 35 51 1.63717
a 35 1759 1.68802
a 35 56 2.04011
a 35 1763 1.52159
a 35 22 0.79357
a 35 1755 1.71919
a 35 64 0.95489
a 35 2434 1.92029
a 35 2436 2.26174
a 35 54 2.05421
a 35 1752 1.2935
a 35 70 1.54159
a 35 55 2.29836
a 35 41 1.39285
a 35 33 0.70956
a 35 67 1.3674
a 35 43 0.58905
a 35 62 1.52692
a 35 602 1.94141
a 35 24 1.36536
a 35 2435 1.95461
a 35 1756 1.35753
a 35 34 2.28921
a 35 1764 2.30789
a 35 1760 2.21505
a 35 49 2.43219
a 35 1754 1.61555
a 35 2437 2.30323
a 36 1129 1.86448
a 36 21 0.68942
a 36 2052 2.46508
a 36 37 1.70188
a 36 66 0.78781
a 36 27 2.35144
a 36 2046 2.16319
a 36 46 1.61898
a 36 65 1.36779
a 36 26 0.87884
a 36 20 2.19801
a 36 1132 1.55517
a 36 1124 0.66896
a 36 56 2.39354
a 36 2053 1.87777
a 36 47 0.51569
a 36 2045 2.15244
a 36 2040 1.88853
a 36 1127 2.31177
a 36 1131 1.98458
a 36 32 2.13425
a 36 48 1.94739
a 36 1125 0.72528
a 36 57 2.39739
a 36 1133 1.5244
a 36 44 2.34808
a 36 69 1.47867
a 36 1126 1.32542
a 36 55 2.17297
a 36 53 1.43389
a 36 2038 2.1245
a 36 50 1.22775
a 36 61 0.94237
a 36 2042 2.20531
a 36 68 2.16214
a 36 39 1.37999
a 36 1135 1.6423
a 36 1134 1.63449
a 36 31 1.53041
a 36 60 0.0646
a 36 28 0.3492
a 36 2048 1.93396
a 36 1128 1.69107
a 37 1129 1.0824
a 37 29 2.41011
a 37 2438 2.33409
a 37 3174 2.42911
a 37 21 1.62857
a 37 2052 1.44456
a 37 66 2.30971
a 37 2043 1.80173
a 37 27 0.71979
a 37 59 1.65558
a 37 65 0.84477
a 37 26 0.98016
a 37 30 2.39243
a 37 4505 1.19454
a 37 20 1.54173
a 37 1132 1.98044
a 37 51 1.64433
a 37 1124 1.78096
a 37 56 1.06207
a 37 47 2.08081
a 37 2045 1.69994
a 37 32 2.23082
a 37 48 0.27928
a 37 3188 2.49569
a 37 1125 2.3494
a 37 64 2.14715
a 37 57 0.84973
a 37 3990 2.29937
a 37 44 0.64633
a 37 55 0.80693
a 37 69 1.52852
a 37 52 1.45684
a 37 62 1.58234
a 37 50 1.94817
a 37 61 1.61381
a 37 68 0.46028
a 37 39 2.15564
a 37 34 2.0754
a 37 1135 2.28527
a 37 36 1.70188
a 37 1134 2.07307
a 37 3552 1.84099
a 37 60 1.75957
a 37 2051 2.13736
a 37 28 1.79647
a 38 21 2.24248
a 38 812 0.56574
a 38 800 2.18005
a 38 66 2.18368
a 38 810 0.94042
a 38 1683 2.29741
a 38 46 1.2219
a 38 30 2.23901
a 38 58 1.16682
a 38 20 2.45752
a 38 4084 0.89796
a 38 47 2.38731
a 38 817 1.74776
a 38 1127 2.22532
a 38 814 1.7902
a 38 1662 1.9946
a 38 32 1.49069
a 38 813 0.99483
a 38 42 1.80096
a 38 1678 2.40786
a 38 808 1.30191
a 38 1133 1.96137
a 38 54 1.79898
a 38 1680 1.99897
a 38 25 1.19573
a 38 1130 0.76377
a 38 69 2.0453
a 38 811 0.6739
a 38 53 1.53185
a 38 50 1.71425
a 38 799 2.45158
a 38 61 2.09199
a 38 39 1.50911
a 38 63 1.01728
a 38 31 1.46454
a 38 49 1.42225
a 38 798 1.50789
a 38 1765 2.19649
a 38 791 0.87541
a 39 21 0.74188
a 39 812 2.00433
a 39 37 2.15564
a 39 66 0.98775
a 39 810 2.31452
a 39 65 1.34602
a 39 46 0.56086
a 39 59 2.44246
a 39 26 1.25496
a 39 30 1.89797
a 39 58 1.82739
a 39 20 1.53482
a 39 1124 2.0463
a 39 4084 1.88086
a 39 56 2.2024
a 39 38 1.50911
a 39 47 1.06727
a 39 1127 2.09851
a 39 1131 2.10593
a 39 32 0.92654
a 39 48 2.43178
a 39 813 2.3668
a 39 1125 1.8819
a 39 808 2.45448
a 39 1133 1.34591
a 39 54 1.93163
a 39 25 1.62712
a 39 1130 1.81628
a 39 69 0.77444
a 39 811 2.09831
a 39 55 2.10446
a 39 53 0.77859
a 39 62 2.35998
a 39 50 0.21192
a 39 61 0.58639
a 39 36 1.37999
a 39 63 1.65485
a 39 31 0.82974
a 39 60 1.35361
a 39 28 1.72631
a 39 49 1.73233
a 39 791 2.33728
a 40 29 2.0181
a 40 1750 1.56255
a 40 591 2.47877
a 40 45 1.11338
a 40 810 2.34048
a 40 1751 0.79086
a 40 590 2.18604
a 40 59 2.2177
a 40 30 1.29742
a 40 586 2.2016
a 40 58 1.57038
a 40 23 2.06897
a 40 598 2.44521
a 40 20 2.14501
a 40 1758 0.5109
a 40 1763 2.16469
a 40 22 0.89072
a 40 32 2.08692
a 40 813 2.33347
a 40 64 1.96722
a 40 42 1.21949
a 40 54 1.0847
a 40 25 1.58718
a 40 1752 2.155
a 40 35 1.56687
a 40 41 0.41407
a 40 33 1.43516
a 40 67 0.24475
a 40 43 2.10448
a 40 62 2.24242
a 40 599 2.44402
a 40 1756 2.17699
a 40 1764 1.02685
a 40 1762 1.44859
a 40 63 1.72788
a 40 49 1.3838
a 40 1765 1.54041
a 41 29 1.96929
a 41 1750 1.6379
a 41 591 2.31925
a 41 45 0.82571
a 41 576 2.43486
a 41 1751 0.83297
a 41 1757 2.35985
a 41 590 1.77285
a 41 40 0.41407
a 41 59 2.31648
a 41 30 1.58493
a 41 586 1.89753
a 41 58 1.98426
a 41 23 1.96142
a 41 598 2.04675
a 41 20 2.39513
a 41 1758 0.71029
a 41 1763 1.76451
a 41 22 0.61808
a 41 32 2.45191
a 41 64 1.98647
a 41 42 1.58408
a 41 54 1.47683
a 41 25 1.99868
a 41 1752 1.77631
a 41 35 1.39285
a 41 33 1.45822
a 41 67 0.48389
a 41 43 1.97028
a 41 62 2.35611
a 41 602 2.10388
a 41 599 2.05473
a 41 1756 1.79268
a 41 1764 0.94038
a 41 1762 1.54863
a 41 63 2.14183
a 41 49 1.79194
a 41 1765 1.80932
a 42 1750 1.3057
a 42 812 1.42374
a 42 45 2.33055
a 42 800 1.81225
a 42 810 1.16998
a 42 1751 1.15832
a 42 40 1.21949
a 42 30 1.69974
a 42 58 0.81088
a 42 20 2.46263
a 42 1758 0.95274
a 42 38 1.80096
a 42 22 2.1081
a 42 814 2.35325
a 42 32 1.88703
a 42 813 1.1525
a 42 54 1.06341
a 42 25 1.01569
a 42 811 2.12361
a 42 41 1.58408
a 42 33 2.3845
a 42 67 1.36448
a 42 1764 1.46724
a 42 1762 1.17215
a 42 63 0.99201
a 42 49 0.98026
a 42 798 1.81745
a 42 1765 0.62404
a 42 791 1.42456
a 43 2438 2.28486
a 43 29 0.42848
a 43 45 1.23621
a 43 2433 2.15124
a 43 1753 1.35646
a 43 1757 1.09071
a 43 590 2.43153
a 43 40 2.10448
a 43 1761 1.19888
a 43 59 1.23226
a 43 2439 2.01454
a 43 1766 2.05809
a 43 30 1.88492
a 43 3088 2.48172
a 43 23 0.13815
a 43 20 2.03488
a 43 1759 1.24048
a 43 51 1.20659
a 43 56 1.77747
a 43 1763 1.88076
a 43 22 1.38116
a 43 1755 1.32553
a 43 64 0.75368
a 43 2434 1.38628
a 43 2436 2.10442
a 43 54 2.40698
a 43 1752 1.60112
a 43 70 0.95266
a 43 35 0.58905
a 43 44 2.44575
a 43 55 2.03268
a 43 41 1.97028
a 43 33 0.88708
a 43 52 2.14058
a 43 67 1.88577
a 43 62 1.32259
a 43 602 2.27278
a 43 24 0.79533
a 43 2435 1.51087
a 43 1756 1.67195
a 43 34 1.71906
a 43 1760 2.29471
a 43 1754 1.39445
a 43 2437 1.76563
a 44 1129 1.33461
a 44 29 2.10519
a 44 2438 1.68788
a 44 3174 2.34895
a 44 21 2.23971
a 44 3988 2.00678
a 44 2052 1.43042
a 44 3989 2.43406
a 44 37 0.64633
a 44 2043 1.76505
a 44 4706 2.16209
a 44 2439 1.96576
a 44 27 0.34894
a 44 59 1.47972
a 44 65 1.34623
a 44 26 1.60034
a 44 4505 0.79238
a 44 23 2.33181
a 44 20 1.73484
a 44 1132 2.4422
a 44 51 1.23936
a 44 1124 2.38811
a 44 56 0.96296
a 44 2045 1.92204
a 44 3191 2.48588
a 44 48 0.42524
a 44 3188 2.28654
a 44 64 1.9049
a 44 4707 2.4407
a 44 57 0.56016
a 44 70 2.03869
a 44 3990 1.66549
a 44 69 1.98715
a 44 55 0.8034
a 44 33 2.36818
a 44 52 0.8114
a 44 43 2.44575
a 44 62 1.43407
a 44 50 2.49375
a 44 61 2.19096
a 44 24 2.32425
a 44 68 0.18698
a 44 34 1.4538
a 44 36 2.34808
a 44 3552 1.52255
a 44 60 2.40589
a 44 2051 2.24342
a 44 28 2.4317
a 45 29 1.36046
a 45 1750 2.44036
a 45 576 2.43801
a 45 1751 1.64622
a 45 1753 2.18865
a 45 1757 1.54161
a 45 590 1.53269
a 45 40 1.11338
a 45 1761 2.27632
a 45 59 1.93866
a 45 1766 1.96916
a 45 30 1.70945
a 45 586 2.22645
a 45 23 1.26342
a 45 598 1.96884
a 45 20 2.3316
a 45 1758 1.52964
a 45 578 2.25737
a 45 51 2.23571
a 45 1759 2.21553
a 45 1763 1.23816
a 45 22 0.22267
a 45 1755 2.20428
a 45 64 1.49364
a 45 42 2.33055
a 45 54 1.90647
a 45 1752 1.12946
a 45 70 2.18609
a 45 35 0.6504
a 45 33 1.06239
a 45 41 0.82571
a 45 67 0.9859
a 45 43 1.23621
a 45 62 2.00376
a 45 602 1.64979
a 45 24 1.9907
a 45 2435 2.46821
a 45 1756 1.16985
a 45 599 2.04051
a 45 1764 1.68788
a 45 1762 2.36082
a 45 1760 2.21371
a 45 49 2.27699
a 45 1754 1.97043
a 46 21 1.13114
a 46 812 1.77722
a 46 66 0.96439
a 46 810 2.13346
a 46 65 1.89383
a 46 26 1.73879
a 46 30 2.30402
a 46 58 1.90241
a 46 20 2.06331
a 46 1124 2.27515
a 46 4084 1.37419
a 46 38 1.2219
a 46 47 1.16701
a 46 1127 1.60582
a 46 1131 1.71042
a 46 1662 2.30886
a 46 32 1.30373
a 46 813 2.18812
a 46 1125 1.92927
a 46 808 1.94876
a 46 1133 0.95988
a 46 54 2.19698
a 46 3128 2.45958
a 46 1680 2.48897
a 46 25 1.75899
a 46 1130 1.33004
a 46 69 1.3332
a 46 811 1.69929
a 46 53 0.38009
a 46 50 0.74599
a 46 61 1.07064
a 46 39 0.56086
a 46 36 1.61898
a 46 63 1.71617
a 46 31 0.36896
a 46 1673 2.28959
a 46 60 1.57406
a 46 28 1.93476
a 46 49 1.92006
a 46 791 2.09647
a 47 1129 2.36923
a 47 21 0.61711
a 47 37 2.08081
a 47 66 0.27234
a 47 65 1.56064
a 47 46 1.16701
a 47 26 1.13866
a 47 20 2.23436
a 47 1132 2.02996
a 47 1124 1.12333
a 47 4084 2.41943
a 47 2053 2.08082
a 47 38 2.38731
a 47 3132 2.34344
a 47 2040 2.29037
a 47 1127 1.83548
a 47 1131 1.56841
a 47 32 1.94276
a 47 48 2.34524
a 47 1125 0.81484
a 47 1133 1.0239
a 47 3128 2.42178
a 47 1130 2.41059
a 47 69 1.43233
a 47 1126 1.57228
a 47 55 2.41455
a 47 53 0.93427
a 47 2038 2.21142
a 47 50 0.98
a 47 61 0.84672
a 47 39 1.06727
a 47 1135 2.07363
a 47 36 0.51569
a 47 1134 2.10217
a 47 31 1.0288
a 47 60 0.45602
a 47 28 0.78136
a 47 2048 2.26652
a 47 1128 2.06239
a 47 3126 2.45819
a 48 1129 1.01443
a 48 29 2.39756
a 48 2438 2.09252
a 48 3174 2.24393
a 48 21 1.90613
a 48 3988 2.34692
a 48 2052 1.26866
a 48 37 0.27928
a 48 2043 1.62457
a 48 4706 2.41708
a 48 2439 2.38676
a 48 27 0.44052
a 48 59 1.69021
a 48 65 1.10845
a 48 26 1.25718
a 48 4505 0.91947
a 48 20 1.71889
a 48 1132 2.04802
a 48 51 1.57585
a 48 1124 1.96305
a 48 56 1.10989
a 48 47 2.34524
a 48 2045 1.62988
a 48 32 2.46863
a 48 64 2.16039
a 48 3188 2.27151
a 48 57 0.57941
a 48 70 2.43859
a 48 3990 2.03863
a 48 44 0.42524
a 48 55 0.87804
a 48 69 1.78806
a 48 52 1.22747
a 48 62 1.62708
a 48 50 2.22511
a 48 61 1.8929
a 48 68 0.26461
a 48 39 2.43178
a 48 34 1.87903
a 48 1135 2.36635
a 48 36 1.94739
a 48 1134 2.13571
a 48 3552 1.5855
a 48 60 2.007
a 48 2051 2.01998
a 48 28 2.01368
a 49 29 2.47844
a 49 1750 2.22629
a 49 21 2.34404
a 49 812 1.37693
a 49 45 2.27699
a 49 810 1.38459
a 49 1751 1.8147
a 49 40 1.3838
a 49 65 2.26162
a 49 46 1.92006
a 49 59 2.18225
a 49 30 0.94738
a 49 58 0.38333
a 49 20 1.54827
a 49 1758 1.48559
a 49 4084 2.31488
a 49 56 2.38817
a 49 38 1.42225
a 49 22 2.08084
a 49 32 0.9123
a 49 813 1.40799
a 49 64 2.24828
a 49 42 0.98026
a 49 54 0.37919
a 49 25 0.22686
a 49 1130 2.18267
a 49 35 2.43219
a 49 811 1.99873
a 49 55 2.48364
a 49 69 1.67122
a 49 41 1.79194
a 49 33 1.88654
a 49 67 1.35488
a 49 53 2.29745
a 49 62 2.14983
a 49 50 1.8256
a 49 61 2.09637
a 49 39 1.73233
a 49 1764 2.14217
a 49 1762 2.08737
a 49 63 0.4297
a 49 31 2.28644
a 49 798 2.22477
a 49 1765 1.60212
a 49 791 1.58896
a 50 21 0.55941
a 50 812 2.19889
a 50 37 1.94817
a 50 66 0.95492
a 50 810 2.49955
a 50 65 1.14814
a 50 46 0.74599
a 50 59 2.32048
a 50 26 1.04325
a 50 30 1.88466
a 50 58 1.95662
a 50 20 1.4299
a 50 1124 1.88608
a 50 4084 2.0882
a 50 56 2.04297
a 50 38 1.71425
a 50 47 0.98
a 50 1127 2.21615
a 50 1131 2.17573
a 50 32 0.96323
a 50 48 2.22511
a 50 1125 1.78413
a 50 1133 1.42875
a 50 54 1.98966
a 50 25 1.74238
a 50 1130 2.02592
a 50 44 2.49375
a 50 811 2.3095
a 50 55 1.93012
a 50 69 0.62863
a 50 53 0.89981
a 50 62 2.2354
a 50 61 0.37778
a 50 68 2.3233
a 50 39 0.21192
a 50 36 1.22775
a 50 63 1.79134
a 50 31 0.96606
a 50 60 1.20843
a 50 28 1.57683
a 50 49 1.8256
a 51 2438 1.58398
a 51 29 0.88979
a 51 3988 2.24066
a 51 45 2.23571
a 51 3989 2.46027
a 51 37 1.64433
a 51 1753 2.13199
a 51 1757 2.19004
a 51 1761 1.68815
a 51 2439 1.55543
a 51 27 1.56218
a 51 59 0.61036
a 51 65 1.80647
a 51 26 2.26684
a 51 30 1.85962
a 51 3088 2.44287
a 51 4505 1.85265
a 51 23 1.09514
a 51 20 1.46003
a 51 1759 1.88326
a 51 56 0.76245
a 51 22 2.29734
a 51 1755 2.06046
a 51 32 2.41763
a 51 48 1.57585
a 51 64 0.77271
a 51 57 1.75645
a 51 2434 1.69919
a 51 70 0.99573
a 51 35 1.63717
a 51 3990 1.80706
a 51 44 1.23936
a 51 55 0.96755
a 51 69 2.15422
a 51 33 1.30257
a 51 52 1.06312
a 51 67 2.47799
a 51 43 1.20659
a 51 62 0.65229
a 51 24 1.21129
a 51 2435 2.08924
a 51 68 1.32392
a 51 34 1.00705
a 51 1754 2.36532
a 51 2437 1.95146
a 52 1129 1.96171
a 52 29 1.91431
a 52 2438 0.88314
a 52 3988 1.32312
a 52 2052 1.82656
a 52 3989 1.68407
a 52 37 1.45684
a 52 2043 2.0815
a 52 4706 1.66141
a 52 1761 2.08448
a 52 2439 1.16135
a 52 27 0.92015
a 52 59 1.58503
a 52 4785 2.24863
a 52 65 2.07231
a 52 26 2.38886
a 52 3088 2.18573
a 52 4505 0.94475
a 52 23 2.05923
a 52 20 2.19291
a 52 1759 2.32866
a 52 51 1.06312
a 52 3105 2.4068
a 52 56 1.32264
a 52 2045 2.46452
a 52 3191 2.38253
a 52 4783 2.21642
a 52 48 1.22747
a 52 3188 2.32655
a 52 64 1.83563
a 52 57 1.02366
a 52 2434 1.96099
a 52 4707 1.74231
a 52 70 1.46836
a 52 3990 0.92283
a 52 44 0.8114
a 52 55 1.31748
a 52 33 2.36524
a 52 43 2.14058
a 52 62 1.58572
a 52 24 1.77831
a 52 2435 2.43562
a 52 68 0.99657
a 52 34 0.70259
a 52 3552 1.52383
a 52 4784 2.23291
a 52 2437 2.02231
a 53 21 1.09961
a 53 812 2.09654
a 53 66 0.68629
a 53 810 2.46396
a 53 65 1.99392
a 53 46 0.38009
a 53 26 1.74633
a 53 58 2.28172
a 53 20 2.31184
a 53 1124 2.05674
a 53 4084 1.48701
a 53 38 1.53185
a 53 47 0.93427
a 53 4131 2.39509
a 53 3132 2.30416
a 53 1127 1.32123
a 53 1131 1.35488
a 53 1662 2.27418
a 53 32 1.63843
a 53 1125 1.62556
a 53 808 2.04169
a 53 1133 0.59365
a 53 3128 2.13865
a 53 1680 2.49897
a 53 25 2.13879
a 53 1130 1.47635
a 53 69 1.52762
a 53 811 1.92166
a 53 1126 2.39872
a 53 50 0.89981
a 53 61 1.12756
a 53 39 0.77859
a 53 36 1.43389
a 53 63 2.09531
a 53 31 0.09758
a 53 1673 2.08988
a 53 60 1.37992
a 53 28 1.71515
a 53 49 2.29745
a 53 791 2.40426
a 54 29 2.13068
a 54 1750 2.17155
a 54 21 2.4668
a 54 812 1.74472
a 54 45 1.90647
a 54 810 1.71863
a 54 1751 1.63906
a 54 40 1.0847
a 54 65 2.22782
a 54 46 2.19698
a 54 59 1.90871
a 54 30 0.65571
a 54 58 0.72763
a 54 23 2.3141
a 54 20 1.40458
a 54 1758 1.29281
a 54 56 2.1885
a 54 38 1.79898
a 54 22 1.71536
a 54 32 1.02834
a 54 813 1.73597
a 54 64 1.91929
a 54 42 1.06341
a 54 25 0.60561
a 54 35 2.05421
a 54 811 2.37693
a 54 55 2.31708
a 54 69 1.71555
a 54 41 1.47683
a 54 33 1.52644
a 54 67 1.01538
a 54 43 2.40698
a 54 62 1.88779
a 54 50 1.98966
a 54 61 2.21063
a 54 39 1.93163
a 54 1764 1.95556
a 54 1762 2.03287
a 54 63 0.80639
a 54 49 0.37919
a 54 1765 1.67447
a 54 791 1.93726
a 55 1129 1.87118
a 55 29 1.6262
a 55 2438 2.15073
a 55 21 1.83696
a 55 2052 2.13798
a 55 37 0.80693
a 55 2043 2.49037
a 55 2439 2.29152
a 55 27 1.12727
a 55 59 0.85076
a 55 65 0.85783
a 55 26 1.30096
a 55 30 1.70901
a 55 4505 1.59564
a 55 23 1.90007
a 55 20 0.93616
a 55 51 0.96755
a 55 1124 2.43629
a 55 56 0.25918
a 55 47 2.41455
a 55 2045 2.49099
a 55 32 1.83652
a 55 48 0.87804
a 55 64 1.34807
a 55 57 1.33442
a 55 54 2.31708
a 55 70 1.95811
a 55 35 2.29836
a 55 3990 2.23971
a 55 44 0.8034
a 55 69 1.34062
a 55 33 1.71446
a 55 52 1.31748
a 55 43 2.03268
a 55 62 0.77569
a 55 50 1.93012
a 55 61 1.7065
a 55 24 2.17788
a 55 68 0.7338
a 55 39 2.10446
a 55 34 1.71287
a 55 36 2.17297
a 55 3552 2.32467
a 55 60 2.21766
a 55 28 2.36572
a 55 49 2.48364
a 56 1129 2.11539
a 56 29 1.36824
a 56 2438 2.101
a 56 21 2.01096
a 56 2052 2.35183
a 56 37 1.06207
a 56 1761 2.44648
a 56 2439 2.19259
a 56 27 1.30556
a 56 59 0.59352
a 56 65 1.04561
a 56 26 1.51563
a 56 30 1.55654
a 56 4505 1.74611
a 56 23 1.644
a 56 20 0.87027
a 56 51 0.76245
a 56 32 1.82271
a 56 48 1.10989
a 56 64 1.089
a 56 57 1.51685
a 56 2434 2.46148
a 56 54 2.1885
a 56 70 1.75784
a 56 35 2.04011
a 56 3990 2.22937
a 56 44 0.96296
a 56 55 0.25918
a 56 69 1.4282
a 56 33 1.46741
a 56 52 1.32264
a 56 67 2.46401
a 56 43 1.77747
a 56 62 0.52179
a 56 50 2.04297
a 56 61 1.85697
a 56 24 1.95977
a 56 68 0.93268
a 56 39 2.2024
a 56 34 1.61274
a 56 36 2.39354
a 56 3552 2.47767
a 56 60 2.43535
a 56 49 2.38817
a 57 1129 0.93926
a 57 2438 1.77351
a 57 3186 2.32237
a 57 3174 1.78879
a 57 21 2.44821
a 57 3988 1.88117
a 57 2052 0.88706
a 57 3989 2.36513
a 57 37 0.84973
a 57 2043 1.2101
a 57 4706 1.86951
a 57 2439 2.1404
a 57 27 0.21177
a 57 59 2.03922
a 57 65 1.68781
a 57 26 1.80165
a 57 4505 0.34948
a 57 20 2.24244
a 57 1132 2.12968
a 57 51 1.75645
a 57 1124 2.27868
a 57 56 1.51685
a 57 2045 1.45586
a 57 3191 1.97545
a 57 48 0.57941
a 57 3188 1.74283
a 57 64 2.45481
a 57 4707 2.30446
a 57 70 2.44493
a 57 3990 1.63812
a 57 44 0.56016
a 57 55 1.33442
a 57 69 2.36714
a 57 52 1.02366
a 57 62 1.99423
a 57 61 2.45555
a 57 2042 2.46546
a 57 68 0.603
a 57 34 1.72623
a 57 1135 2.46014
a 57 36 2.39739
a 57 1134 2.20259
a 57 3552 1.01512
a 57 60 2.46029
a 57 2051 1.71544
a 57 28 2.39996
a 58 1750 2.11518
a 58 812 1.02187
a 58 800 2.15497
a 58 810 1.00201
a 58 1751 1.84321
a 58 40 1.57038
a 58 46 1.90241
a 58 30 1.33031
a 58 20 1.89961
a 58 1758 1.549
a 58 4084 2.06302
a 58 38 1.16682
a 58 22 2.35113
a 58 814 2.33065
a 58 32 1.1437
a 58 813 1.02473
a 58 42 0.81088
a 58 808 2.4027
a 58 54 0.72763
a 58 25 0.2526
a 58 1130 1.92799
a 58 69 1.91465
a 58 811 1.67884
a 58 41 1.98426
a 58 33 2.25345
a 58 67 1.59436
a 58 53 2.28172
a 58 50 1.95662
a 58 61 2.26881
a 58 39 1.82739
a 58 1764 2.17094
a 58 1762 1.98029
a 58 63 0.18681
a 58 31 2.25465
a 58 49 0.38333
a 58 798 1.84144
a 58 1765 1.39189
a 58 791 1.21176
a 59 2438 2.19103
a 59 29 0.80734
a 59 21 2.41217
a 59 45 1.93866
a 59 37 1.65558
a 59 1753 2.4436
a 59 1757 2.31955
a 59 1761 2.0851
a 59 40 2.2177
a 59 27 1.82859
a 59 2439 2.15996
a 59 65 1.51487
a 59 26 2.00877
a 59 30 1.25345
a 59 4505 2.21981
a 59 23 1.09477
a 59 20 0.91778
a 59 1759 2.2373
a 59 51 0.61036
a 59 56 0.59352
a 59 22 1.94611
a 59 1755 2.3865
a 59 32 1.84292
a 59 48 1.69021
a 59 64 0.50378
a 59 57 2.03922
a 59 2434 2.15373
a 59 54 1.90871
a 59 25 2.34877
a 59 70 1.45341
a 59 35 1.44793
a 59 3990 2.39921
a 59 44 1.47972
a 59 55 0.85076
a 59 69 1.69373
a 59 33 0.89096
a 59 41 2.31648
a 59 52 1.58503
a 59 67 1.97554
a 59 43 1.23226
a 59 62 0.09094
a 59 50 2.32048
a 59 61 2.21737
a 59 24 1.57925
a 59 2435 2.47733
a 59 68 1.48885
a 59 39 2.44246
a 59 34 1.61739
a 59 49 2.18225
a 59 2437 2.45461
a 60 1129 1.92851
a 60 21 0.68189
a 60 37 1.75957
a 60 66 0.72749
a 60 27 2.41285
a 60 2046 2.19049
a 60 46 1.57406
a 60 65 1.40431
a 60 26 0.91972
a 60 20 2.21929
a 60 1132 1.5995
a 60 1124 0.70492
a 60 56 2.43535
a 60 2053 1.87328
a 60 47 0.45602
a 60 2045 2.21183
a 60 2040 1.91715
a 60 1127 2.24718
a 60 1131 1.92109
a 60 32 2.12701
a 60 48 2.007
a 60 1125 0.69428
a 60 57 2.46029
a 60 1133 1.46077
a 60 44 2.40589
a 60 69 1.48665
a 60 1126 1.32486
a 60 55 2.21766
a 60 53 1.37992
a 60 2038 2.10523
a 60 50 1.20843
a 60 61 0.93824
a 60 2042 2.24628
a 60 68 2.21972
a 60 39 1.35361
a 60 1135 1.67651
a 60 36 0.0646
a 60 1134 1.67709
a 60 31 1.47605
a 60 28 0.37333
a 60 2048 1.95
a 60 1128 1.7134
a 61 1129 2.27534
a 61 21 0.25834
a 61 37 1.61381
a 61 66 0.92949
a 61 27 2.3331
a 61 46 1.07064
a 61 59 2.21737
a 61 65 0.86841
a 61 26 0.67415
a 61 30 1.99924
a 61 58 2.26881
a 61 20 1.39174
a 61 1132 2.37747
a 61 1124 1.57148
a 61 4084 2.43826
a 61 56 1.85697
a 61 38 2.09199
a 61 47 0.84672
a 61 1127 2.39135
a 61 1131 2.26725
a 61 32 1.19259
a 61 48 1.8929
a 61 1125 1.58489
a 61 57 2.45555
a 61 1133 1.56566
a 61 54 2.21063
a 61 25 2.04101
a 61 1130 2.38325
a 61 44 2.19096
a 61 69 0.58602
a 61 1126 2.26304
a 61 55 1.7065
a 61 53 1.12756
a 61 62 2.1282
a 61 50 0.37778
a 61 68 2.01379
a 61 39 0.58639
a 61 36 0.94237
a 61 63 2.1132
a 61 1134 2.46773
a 61 31 1.21119
a 61 60 0.93824
a 61 28 1.28649
a 61 49 2.09637
a 62 2438 2.22178
a 62 29 0.89702
a 62 21 2.32191
a 62 45 2.00376
a 62 37 1.58234
a 62 1757 2.41028
a 62 1761 2.16877
a 62 2439 2.20743
a 62 40 2.24242
a 62 27 1.78287
a 62 59 0.09094
a 62 65 1.42429
a 62 26 1.91841
a 62 30 1.23222
a 62 4505 2.18632
a 62 23 1.18499
a 62 20 0.84131
a 62 1759 2.32378
a 62 51 0.65229
a 62 56 0.52179
a 62 22 2.00363
a 62 1755 2.47446
a 62 32 1.77818
a 62 48 1.62708
a 62 64 0.58959
a 62 57 1.99423
a 62 2434 2.23283
a 62 54 1.88779
a 62 25 2.31049
a 62 70 1.52998
a 62 35 1.52692
a 62 3990 2.41911
a 62 44 1.43407
a 62 55 0.77569
a 62 69 1.60795
a 62 33 0.94859
a 62 41 2.35611
a 62 52 1.58572
a 62 67 2.00194
a 62 43 1.32259
a 62 50 2.2354
a 62 61 2.1282
a 62 24 1.66345
a 62 68 1.43352
a 62 39 2.35998
a 62 34 1.65663
a 62 49 2.14983
a 63 1750 2.29755
a 63 21 2.3421
a 63 812 0.95168
a 63 800 2.22448
a 63 810 1.0021
a 63 1751 2.02787
a 63 40 1.72788
a 63 65 2.43537
a 63 46 1.71617
a 63 30 1.35408
a 63 58 0.18681
a 63 20 1.84403
a 63 1758 1.72975
a 63 4084 1.91515
a 63 38 1.01728
a 63 22 2.482
a 63 814 2.31434
a 63 32 1.02377
a 63 813 1.03357
a 63 42 0.99201
a 63 808 2.28199
a 63 54 0.80639
a 63 25 0.21577
a 63 1130 1.78105
a 63 69 1.78776
a 63 811 1.57072
a 63 41 2.14183
a 63 33 2.31338
a 63 67 1.73536
a 63 53 2.09531
a 63 50 1.79134
a 63 61 2.1132
a 63 39 1.65485
a 63 1764 2.35597
a 63 1762 2.16332
a 63 31 2.06789
a 63 49 0.4297
a 63 798 1.84685
a 63 1765 1.55929
a 63 791 1.1842
a 64 2438 2.26825
a 64 29 0.32694
a 64 45 1.49364
a 64 37 2.14715
a 64 1753 2.0475
a 64 1757 1.84373
a 64 1761 1.762
a 64 40 1.96722
a 64 27 2.24889
a 64 59 0.50378
a 64 2439 2.1359
a 64 65 2.00382
a 64 26 2.49948
a 64 30 1.30565
a 64 23 0.61596
a 64 20 1.28958
a 64 1758 2.47555
a 64 51 0.77271
a 64 1759 1.87536
a 64 56 1.089
a 64 1763 2.46978
a 64 22 1.53519
a 64 1755 2.00094
a 64 32 2.10861
a 64 48 2.16039
a 64 57 2.45481
a 64 2434 1.87918
a 64 54 1.91929
a 64 25 2.44398
a 64 1752 2.22429
a 64 70 1.23202
a 64 35 0.95489
a 64 44 1.9049
a 64 55 1.34807
a 64 69 2.1053
a 64 33 0.53439
a 64 41 1.98647
a 64 52 1.83563
a 64 67 1.7232
a 64 43 0.75368
a 64 62 0.58959
a 64 24 1.26476
a 64 2435 2.13284
a 64 1756 2.29159
a 64 68 1.94111
a 64 34 1.66765
a 64 49 2.24828
a 64 1754 2.13916
a 64 2437 2.2213
a 65 1129 1.77341
a 65 29 2.32008
a 65 21 0.97968
a 65 2052 2.24134
a 65 37 0.84477
a 65 66 1.72748
a 65 27 1.5348
a 65 46 1.89383
a 65 59 1.51487
a 65 26 0.49589
a 65 30 1.77953
a 65 4505 2.02575
a 65 20 0.94388
a 65 1132 2.30942
a 65 51 1.80647
a 65 1124 1.75937
a 65 56 1.04561
a 65 47 1.56064
a 65 2045 2.34489
a 65 32 1.4122
a 65 48 1.10845
